imgdata/370784010000010245_由东向西_2_2_鲁GSL798_02_20200822152357556000000_02.jpg 1 0 0 0 0 0 0
imgdata/370784010000010244_由北向南_27_2_鲁GYR713_02_2020082215221364000000_02.jpg 1 0 0 0 0 0 1
imgdata/370784010000025434_由南向北_2_1_苏CW8051_01_20200822112946820000000_01.jpg 0 0 1 0 0 0 0
imgdata/19.jpg 0 0 1 0 1 0 0
imgdata/370784010000010245_由东向西_2_2_鲁GS1Q98_02_20200822185054741000000_02.jpg 0 1 0 0 0 0 0
imgdata/370784010000020037_由东向西_1_4_车牌_00_20200822172151589000000_00.jpg 0 0 0 0 0 1 0
imgdata/370784010000010241_由东向西_1_2_鲁V4T008_02_20200822082121283000000_02.jpg 1 0 0 0 0 0 1
imgdata/3134_202008040625173530.jpg 0 0 0 1 0 0 0
imgdata/3134_202008040645061300.jpg 1 0 0 1 0 0 0
imgdata/11.jpg 0 0 0 0 1 0 0
imgdata/3134_202008040734198090.jpg 1 1 0 0 0 0 0
imgdata/370784010000010244_由北向南_28_2_鲁V41038_02_20200822151133315000000_02.jpg 1 1 0 0 0 0 0
imgdata/370784010000010251_由南向北_6_1_鲁MCG311_01_20200822110409362000000_01.jpg 0 0 1 0 0 0 0
imgdata/3134_202008040709208580.jpg 0 0 1 0 0 0 0
imgdata/370784010000010247_由南向北_13_2_鲁VD5W98_02_20200822153545954000000_02.jpg 0 0 1 0 0 0 0
imgdata/370784010000010211_由北向南_16_4_车牌_00_20200822075135726000000_00.jpg 0 0 0 0 0 1 0
imgdata/370784010000010211_由北向南_16_4_车牌_00_20200821065235272000000_00.jpg 0 0 0 0 0 0 1
imgdata/370784010000010244_由北向南_33_2_鲁GLB337_02_20200822182019683000000_02.jpg 0 1 0 0 0 0 0
imgdata/370784010000010211_由北向南_16_4_车牌_00_20200822111245249000000_00.jpg 0 0 0 0 0 1 0
imgdata/370784010000020040_由南向北_1_4_车牌_00_20200822171714721000000_00.jpg 0 0 0 0 0 1 0
imgdata/370784010000010234_由西向东_8_2_鲁GQ2U88_02_20200822074343474000000_02.jpg 1 0 0 0 0 0 0
imgdata/370784010000010241_由东向西_2_1_鲁GT3175_01_2020082218351698000000_01.jpg 0 0 0 1 0 0 0
imgdata/370784010000010210_由南向北_11_2_鲁GN116K_02_20200821063614822000000_02.jpg 1 0 0 0 0 0 0
imgdata/370784010000010210_由南向北_11_2_鲁VM359M_02_20200822111516511000000_02.jpg 1 0 0 1 0 0 0
imgdata/3134_202008040729096540.jpg 1 0 0 0 0 0 0
imgdata/370784010000010235_由南向北_11_2_鲁GF722R_02_20200822153855442000000_02.jpg 1 0 1 0 0 0 0
imgdata/370784010000020040_由南向北_1_4_车牌_00_20200822110153134000000_00.jpg 0 0 1 0 0 0 0
imgdata/370784010000010210_由南向北_11_4_车牌_02_20200822065914941000000_02.jpg 1 0 0 0 0 0 0
imgdata/370784010000010235_由南向北_12_2_鲁G60R87_02_20200822153644322000000_02.jpg 0 0 1 0 0 0 0
imgdata/370784010000010208_由东向西_3_4_车牌_00_2020082206593978000000_00.jpg 1 0 0 0 0 0 1
imgdata/370784010000010211_由北向南_16_4_车牌_00_20200822185417735000000_00.jpg 0 0 0 0 0 1 0
imgdata/370784010000025428_由南向北_2_2_鲁G82K56_02_20200822111659637000000_02.jpg 1 0 0 0 0 0 0
imgdata/370784010000020036_由北向南_2_2_鲁G9P516_02_20200822061353761000000_02.jpg 0 1 0 0 0 0 0
imgdata/370784010000025416_由东向西_2_1_湘K5667L_02_20200822061523333000000_02.jpg 0 0 0 0 0 0 1
imgdata/370784010000010241_由东向西_1_4_车牌_00_20200822151025639000000_00.jpg 1 0 0 0 0 0 0
imgdata/3134_202008040731486890.jpg 1 0 0 0 0 1 0
imgdata/370784010000010235_由南向北_12_2_鲁V5980C_02_20200822155233227000000_02.jpg 0 0 1 0 0 0 0
imgdata/370784010000010244_由北向南_28_2_鲁G879AW_02_20200822150456512000000_02.jpg 1 0 1 1 0 0 0
imgdata/370784010000010242_由西向东_18_2_鲁GZ0K09_02_20200822112913938000000_02.jpg 1 0 0 0 0 1 0
imgdata/3134_202008040752417910.jpg 1 0 0 0 0 0 0
imgdata/370784010000010241_由东向西_3_2_鲁G715KB_02_20200821063021736000000_02.jpg 1 1 1 0 0 1 0
imgdata/370784010000010209_由西向东_5_2_鲁G662SK_02_20200822073759649000000_02.jpg 0 0 1 0 0 0 0
imgdata/370784010000010211_由北向南_15_4_车牌_00_20200822173242149000000_00.jpg 0 0 0 0 0 1 0
imgdata/370784010000025416_由东向西_2_1_鲁UC6060_01_20200822111346136000000_01.jpg 0 0 1 0 0 0 0
imgdata/370784010000010209_由西向东_6_2_鲁GU676V_02_20200822061817759000000_02.jpg 1 0 1 0 0 0 0
imgdata/370784010000010209_由西向东_6_2_鲁GN988N_02_20200822075037292000000_02.jpg 1 0 1 0 0 0 0
imgdata/3134_202008040632153390.jpg 1 0 0 0 0 1 1
imgdata/370784010000020040_由北向南_2_2_鲁VNA550_02_2020082215040569000000_02.jpg 1 0 0 0 0 0 0
imgdata/370784010000010211_由北向南_15_2_鲁GNA802_02_20200821063752693000000_02.jpg 1 0 0 0 0 0 0
imgdata/370784010000020035_由北向南_3_2_鲁V4K728_02_20200822152100986000000_02.jpg 0 1 0 0 0 0 0
imgdata/370784010000010208_由东向西_3_4_车牌_00_2020082208224710000000_00.jpg 0 0 1 1 0 0 1
imgdata/370784010000010243_由南向北_21_4_车牌_00_20200822155112974000000_00.jpg 1 0 0 0 0 1 0
imgdata/370784010000025425_由北向南_6_1_晋LZ6151_01_20200822112023541000000_01.jpg 0 0 1 0 0 0 0
imgdata/3134_202008040759389430.jpg 1 0 0 0 0 0 0
imgdata/3134_202008040733287610.jpg 1 0 0 0 0 0 0
imgdata/370784010000010251_由南向北_6_1_鲁Q9365B_01_20200822110145614000000_01.jpg 1 0 1 0 0 0 0
imgdata/3134_202008040750007920.jpg 1 0 0 0 0 0 0
imgdata/370784010000020035_由北向南_3_4_车牌_00_20200822062030529000000_00.jpg 0 0 0 0 0 1 0
imgdata/370784010000010210_由南向北_11_4_车牌_00_20200822154041300000000_00.jpg 0 0 0 0 0 0 1
imgdata/370784010000010233_由东向西_1_2_鲁G88A27_02_20200821065045560000000_02.jpg 0 1 0 0 0 0 0
imgdata/370784010000025427_由北向南_4_2_鲁VY667Y_02_20200822112755580000000_02.jpg 1 0 0 0 0 0 0
imgdata/370784010000010233_由东向西_2_2_鲁GN362Y_02_20200821060902917000000_02.jpg 1 0 0 0 0 0 0
imgdata/370784010000020041_由南向北_1_4_车牌_00_20200822174928940000000_00.jpg 0 0 0 0 0 1 0
imgdata/370784010000010211_由北向南_15_2_鲁VJ0U87_02_20200822082735628000000_02.jpg 0 0 1 0 0 0 0
imgdata/12.jpg 0 0 0 0 1 0 0
imgdata/3134_202008040614498180.jpg 1 0 1 0 0 1 0
imgdata/370784010000020040_由南向北_1_2_鲁GR6K00_02_20200822112508661000000_02.jpg 1 1 0 0 0 0 0
imgdata/370784010000010209_由西向东_7_2_鲁G12R38_02_20200822083352766000000_02.jpg 1 0 0 0 0 0 1
imgdata/370784010000020039_由北向南_4_4_车牌_02_20200822151254698000000_02.jpg 0 0 0 0 0 0 1
imgdata/370784010000010242_由西向东_9_4_车牌_00_20200822110916961000000_00.jpg 0 0 0 0 0 1 0
imgdata/370784010000010211_由北向南_12_2_鲁GU739S_02_20200822155249291000000_02.jpg 0 0 1 0 0 0 0
imgdata/370784010000010211_由北向南_16_4_车牌_00_20200822080323471000000_00.jpg 0 0 0 0 0 1 0
imgdata/370784010000010242_由西向东_9_4_车牌_00_20200822173610985000000_00.jpg 0 0 0 0 0 1 0
imgdata/370784010000010243_由南向北_19_2_鲁G559SS_02_20200822150722566000000_02.jpg 1 0 0 0 0 0 0
imgdata/3134_202008040736301510.jpg 1 0 0 0 0 0 0
imgdata/370784010000010209_由西向东_8_2_鲁G6617V_02_20200822071841315000000_02.jpg 1 0 0 0 0 0 0
imgdata/370784010000010241_由东向西_2_2_鲁VBZ897_02_20200822083213374000000_02.jpg 1 0 0 0 0 0 0
imgdata/370784010000010208_由东向西_3_2_鲁G0379X_02_20200822082105352000000_02.jpg 1 0 1 0 0 0 1
imgdata/370784010000010246_由西向东_7_2_鲁V13A79_02_20200822185408178000000_02.jpg 0 1 0 0 0 0 0
imgdata/370784010000020037_由西向东_3_4_车牌_00_20200822174718779000000_00.jpg 0 0 0 0 0 1 0
imgdata/370784010000020040_由北向南_2_4_车牌_00_20200822152629157000000_00.jpg 0 0 0 0 0 0 1
imgdata/370784010000010241_由东向西_4_2_鲁G391UQ_02_20200822153804109000000_02.jpg 1 0 0 0 0 1 0
imgdata/22.jpg 0 0 0 0 1 0 0
imgdata/370784010000025423_由西向东_6_1_鲁L63186_01_20200822111449594000000_01.jpg 0 0 1 0 0 0 0
imgdata/370784010000020036_由北向南_2_2_鲁VNL139_02_20200822153343591000000_02.jpg 1 0 0 0 0 0 0
imgdata/370784010000025425_由北向南_6_1_鲁V78751_01_20200822061949413000000_01.jpg 0 0 1 0 0 0 0
imgdata/370784010000010245_由东向西_2_8_鲁GF00130_02_20200822111243604000000_02.jpg 1 0 1 0 0 0 1
imgdata/370784010000010241_由东向西_2_2_鲁V9276F_02_20200821064613525000000_02.jpg 1 0 0 0 0 0 0
imgdata/3134_202008040800149870.jpg 1 1 0 0 0 0 0
imgdata/370784010000010244_由北向南_33_2_鲁V9038G_02_20200822155320858000000_02.jpg 1 0 0 0 0 1 0
